,Percent households with children under 18 years receiving food stamps,Percent households with one or more people with a disability receiving food stamps,Percent households with only black/american receiving food stamps,Percent households with only asians receiving food stamps,Percent households with only hispanic/latinos receiving food stamps,Zip Code,Educational,Religious,RES_RATIO,BUS_RATIO,OTH_RATIO,distance_from_19140_km,distance_from_19140_miles,Average ADA for 3 years
0,0.0,40.49,14.23,15.6,10.57,19102,20.0,79.0,0.1000000001,0.0999999999,0.1000000001,,,
1,0.0,34.85,9.028571428571428,12.835714285714284,15.371428571428572,19103,45.0,158.0,0.0714285714285714,0.0714285715,0.0714285714285714,8.165615833241128,5.0738768759168735,96.67
2,0.1649999999999999,56.02,59.11,2.055,8.175,19104,32.0,86.0,0.0416666666666666,0.041666666625,0.04166666675,8.025079290556201,4.9865515438521975,90.43380952380951
3,0.0,43.55555555555556,23.38888888888889,20.5,11.11111111111111,19106,13.0,60.0,0.0909090909090909,0.0909090908181818,0.090909091,8.080482755386011,5.020977650196961,93.86166666666668
4,0.0,53.675,29.0625,24.9375,13.1,19107,21.0,70.0,0.125000000125,0.125,0.124999999875,,,
5,0.0,3.6,51.8,44.6,0.0,19109,,,1.0,1.0,1.0,,,
6,0.4666666666666667,46.12777777777777,33.25,10.22222222222222,22.20555555555556,19111,8.0,28.0,0.0526315789473684,0.0526315789473684,0.0526315789473684,7.764861219154609,4.824859580607319,91.23714285714286
7,0.0,57.35,36.7,7.4,9.95,19112,4.0,4.0,0.25,0.25,0.25,,,
8,3.4,58.6,0.0,0.0,0.0,19113,,,0.0,1.0,1.0,,,
9,0.0,54.11666666666667,17.708333333333332,2.833333333333333,8.883333333333333,19114,9.0,13.0,0.0769230769230769,0.076923077,0.0769230769230769,12.87749236042305,8.00170030548843,92.50666666666666
10,0.0,53.290909090909096,14.354545454545455,10.0,3.345454545454545,19115,11.0,19.0,0.08333333325,0.08333333325,0.0833333334166666,10.805833306211309,6.714431447313827,95.6377777777778
11,0.0,38.922222222222224,19.322222222222223,12.8,3.577777777777778,19116,14.0,17.0,0.1111111111111111,0.1111111111111111,0.1111111108888888,13.938925987449304,8.661244379747362,92.33333333333331
12,0.0,32.111111111111114,54.32222222222222,5.277777777777778,4.388888888888889,19118,11.0,18.0,0.0909090908181818,0.090909091,0.0909090907272727,9.398690411165187,5.840073659476124,93.03333333333336
13,0.0,43.79,84.86,1.31,3.29,19119,16.0,25.0,0.0833333333333333,0.0833333333333333,0.08333333325,6.278579185556231,3.901327027108261,92.34222222222222
14,0.8315789473684211,54.99473684210527,47.96315789473684,10.536842105263156,35.357894736842105,19120,8.0,22.0,0.05,0.05,0.05,2.450218204494936,1.5224945359452229,89.0730303030303
15,0.1055555555555555,48.98888888888889,87.88333333333334,3.744444444444445,3.6,19121,12.0,34.0,0.0526315788947368,0.0526315789473684,0.0526315789473684,5.9581002784045936,3.702190728092541,83.60733333333334
16,0.0,61.775,49.25833333333333,6.383333333333333,35.7,19122,11.0,28.0,0.0833333333333333,0.0833333334166666,0.0833333333333333,5.372995653663149,3.3386236823123245,85.44238095238096
17,0.0,49.18571428571429,62.15714285714286,4.728571428571429,12.257142857142856,19123,16.0,35.0,0.1,0.0999999999,0.1,6.372148018724021,3.959467986542564,91.67083333333332
18,0.3,57.5904761904762,32.46666666666666,2.3904761904761904,39.25238095238095,19124,17.0,25.0,0.0454545454090909,0.0454545454090909,0.0454545455,2.3929309544097603,1.4868979000725473,85.21666666666667
19,0.16,55.07333333333334,10.286666666666669,2.2066666666666666,42.53333333333333,19125,15.0,20.0,0.0625000000625,0.0625,0.0625,2.5346907411173447,1.5749833204988255,86.87619047619047
20,1.7555555555555555,47.2,80.44444444444444,4.855555555555556,9.066666666666666,19126,8.0,16.0,0.1111111109999999,0.1111111112222222,0.1111111111111111,4.559389361043825,2.833072326661163,89.5988888888889
21,0.0,70.575,19.8,4.55,0.0,19127,6.0,4.0,0.2,0.2000000001999999,0.2000000002,9.116595295645606,5.664787935450606,92.99666666666668
22,0.0,56.76666666666667,20.116666666666667,3.333333333333333,5.391666666666667,19128,8.0,23.0,0.0666666667333333,0.0666666668,0.0666666666666666,9.76737047844191,6.069160761559928,90.3472222222222
23,0.1555555555555555,51.31111111111111,74.64444444444445,2.1555555555555554,1.2555555555555555,19129,4.0,10.0,0.1,0.0999999999,0.1,4.977868913445589,3.093103384616599,87.24000000000001
24,0.0,50.121428571428574,51.57142857142857,6.735714285714286,8.0,19130,17.0,36.0,0.0666666666,0.0666666666,0.0666666666666666,6.405848168851309,3.9804082825273066,89.43111111111112
25,0.7315789473684212,54.31052631578948,76.91052631578947,2.3473684210526318,4.078947368421052,19131,25.0,26.0,0.04999999995,0.04999999995,0.04999999995,8.783058046009229,5.4575375611068,85.96799999999999
26,0.26875,62.0125,89.43125,2.525,2.9375,19132,8.0,23.0,0.0588235294705882,0.0588235295882352,0.0588235293529411,3.681282359926394,2.287442101269823,82.80199999999999
27,0.223076923076923,72.5923076923077,37.40769230769231,4.723076923076923,53.169230769230765,19133,6.0,5.0,0.0769230768461538,0.0769230769230769,0.076923077,2.3834628485492337,1.481014693665886,83.83722222222222
28,0.5888888888888889,66.94444444444444,12.244444444444444,1.338888888888889,53.97222222222222,19134,6.0,23.0,0.052631579,0.0526315788947368,0.052631579,3.3467166434034907,2.0795526674282705,86.55814814814815
29,2.109090909090909,50.3,22.12727272727273,7.154545454545455,25.872727272727275,19135,8.0,16.0,0.090909091090909,0.0909090908181818,0.090909091,6.942379034640181,4.313793003133404,87.55
30,1.15,42.85,16.79,7.44,17.630000000000003,19136,8.0,17.0,0.0833333333333333,0.0833333335,0.0833333331666666,8.972698451631434,5.575374609588676,89.26124999999999
31,0.5,63.48888888888889,16.7,0.7111111111111111,14.0,19137,5.0,8.0,0.1111111112222222,0.1111111111111111,0.1111111111111111,5.115865489610951,3.1788504551450463,90.14666666666666
32,0.0,49.30714285714286,92.75714285714284,0.4928571428571429,2.15,19138,11.0,13.0,0.0714285714285714,0.0714285714285714,0.0714285712857142,4.612435511010906,2.866033665912358,87.512
33,0.6294117647058824,50.752941176470586,83.68235294117646,2.0647058823529414,0.9882352941176472,19139,5.0,28.0,0.0555555556111111,0.0555555555555555,0.0555555556111111,10.131438034422969,6.295381782887435,86.23766666666667
34,0.1260869565217391,60.94782608695652,59.28260869565217,1.756521739130435,36.40869565217391,19140,14.0,30.0,0.04,0.04000000008,0.03999999996,0.0,0.0,84.10575757575758
35,0.0,49.41666666666666,87.51666666666667,2.966666666666667,5.841666666666666,19141,,,0.0833333335,0.0833333333333333,0.0833333332499999,2.0215571339934635,1.2561369779066525,90.55523809523812
36,1.2222222222222223,48.01111111111111,80.6888888888889,5.033333333333333,7.111111111111111,19142,4.0,20.0,0.0999999999,0.0999999999,0.1,13.82696307304616,8.591673871661765,86.768
37,0.4272727272727273,48.57727272727273,77.90454545454546,1.6181818181818182,2.872727272727273,19143,16.0,42.0,0.0434782608695652,0.0434782608260869,0.043478261,12.551552685138084,7.799170843516936,84.22809523809524
38,0.0,53.14,88.44500000000001,1.02,3.665,19144,24.0,38.0,0.0454545455454545,0.0454545454545454,0.0454545452727272,4.0944770217199205,2.5441892814631286,86.72
39,0.1533333333333333,51.693333333333335,33.806666666666665,11.106666666666666,4.886666666666667,19145,20.0,13.0,0.0454545454090909,0.0454545455454545,0.0454545454545454,11.882822433394455,7.383641258260747,87.78416666666666
40,0.0,48.19473684210526,44.852631578947374,3.473684210526316,9.784210526315787,19146,16.0,30.0,0.0476190476190476,0.0476190475238095,0.0476190476666666,9.630915514759389,5.984371604321555,91.1422222222222
41,0.0,54.3125,10.1625,9.73125,14.1875,19147,35.0,28.0,0.0588235294117647,0.0588235295294117,0.0588235293529411,8.975803505662846,5.577304000117228,94.655625
42,0.0,52.285714285714285,6.442857142857143,20.785714285714285,14.935714285714283,19148,9.0,26.0,0.0588235295882352,0.0588235293529411,0.0588235294117647,10.697781027092269,6.647290894585351,88.58708333333334
43,1.6631578947368422,41.68421052631579,26.931578947368426,13.25263157894737,27.931578947368426,19149,12.0,17.0,0.0526315788947368,0.0526315789473684,0.0526315790526315,4.628130568759804,2.8757861196408485,90.45866666666667
44,0.0,48.93571428571429,84.22857142857143,0.8857142857142858,1.4642857142857142,19150,4.0,12.0,0.0714285714285714,0.0714285713571428,0.0714285714285714,7.375229702721627,4.58275385560984,91.57111111111112
45,0.0,46.96363636363637,85.87272727272727,0.0,2.909090909090909,19151,9.0,25.0,0.0833333333333333,0.0833333334166666,0.08333333325,11.647209019472143,7.237237915638425,88.92916666666667
46,0.0,47.388888888888886,16.288888888888888,14.0,13.433333333333334,19152,7.0,17.0,0.1,0.1000000002,0.0999999999,10.94488234329751,6.800832486537117,91.96666666666668
47,1.72,34.52,79.5,6.92,11.58,19153,,,0.125,0.1249999998749999,0.1249999998749999,15.866054110687644,9.858705908812093,84.44999999999999
48,2.577777777777777,57.91111111111112,27.577777777777776,9.366666666666667,9.766666666666667,19154,11.0,26.0,0.0999999999,0.1000000002,0.0999999999999999,15.58909718208452,9.68661290512904,92.30444444444444
